72
2 753.0 47
2 783.0 102
2 815.0 45
2 820.0 81
1 821.0 224
4 986.0 104
3 1019.0 207
3 1115.0 209
1 1165.0 208
2 1178.0 141
2 1197.0 173
2 1203.0 117
2 1226.0 150
3 1396.0 206
1 1452.0 192
4 1491.0 116
2 1577.0 23
2 1600.0 88
2 1632.0 37
2 1670.0 79
2 1712.0 26
3 1800.0 209
3 1920.0 208
4 1964.0 120
3 2048.0 207
2 2104.0 160
2 2144.0 210
2 2191.0 128
2 2227.0 186
2 2248.0 149
1 2281.0 192
3 2816.0 209
1 2922.0 203
2 3040.0 80
2 3060.0 147
1 3104.0 192
2 3126.0 102
4 3191.0 122
2 3239.0 50
2 3246.0 200
2 3302.0 116
3 3780.0 224
4 3794.0 117
3 3976.0 224
2 4192.0 123
1 4256.0 187
2 4366.0 74
2 4424.0 149
2 4497.0 64
4 4576.0 128
1 4623.0 197
3 5208.0 213
1 5312.0 215
4 5504.0 110
3 5563.0 120
1 5688.0 100
3 5782.0 119
3 6027.0 214
1 6059.0 192
3 6326.0 42
3 6342.0 210
3 6513.0 45
3 6649.0 192
3 6798.0 134
4 6912.0 103
1 6956.0 207
3 7093.0 145
1 7192.0 174
3 7306.0 52
3 7445.0 172
4 7592.0 103
1 7628.0 212
