188
0 248 512 255
513 217 560 255
561 248 896 255
897 193 943 255
945 248 1248 255
1249 217 1295 255
1296 248 1439 255
1442 226 1616 255
1617 251 1684 255
1617 225 1633 250
1634 235 1638 250
1634 226 1641 228
1639 238 1648 250
1649 235 1652 241
1650 247 1652 250
1685 249 2298 255
2299 185 2487 255
2299 1 2488 70
2488 249 2540 255
2489 1 2540 6
2561 249 2657 255
2561 1 2658 6
2658 242 2681 255
2659 1 2680 14
2666 226 2681 241
2667 15 2680 28
2674 29 2680 35
2675 219 2681 225
2681 1 2752 75
2682 177 2752 255
2684 76 2751 78
2753 249 2945 255
2754 1 2896 6
2898 1 2944 22
2946 217 2992 255
2947 1 3040 6
2993 249 3121 255
3074 1 3121 6
3122 233 3312 255
3122 1 3312 22
3313 249 3441 255
3313 1 3441 6
3442 217 3488 255
3442 1 3512 78
3489 249 3665 255
3513 1 3528 54
3529 1 3561 38
3562 1 3665 54
3666 193 3712 255
3666 1 3712 78
3713 249 3857 255
3715 1 3857 7
3858 193 3904 255
3858 1 3904 62
3905 249 3952 255
3906 1 3952 6
4002 226 4176 255
4002 1 4193 30
4177 251 4244 255
4177 225 4193 250
4194 235 4198 250
4194 226 4201 228
4194 25 4201 32
4194 1 4202 20
4199 238 4208 250
4203 14 4213 21
4203 1 4208 13
4209 235 4212 241
4209 1 4213 8
4210 247 4212 250
4214 1 4217 4
4224 1 4272 5
4245 249 4512 255
4276 1 4416 6
4466 1 4641 6
4562 249 4641 255
4642 185 4976 255
4642 1 5004 70
4977 249 5120 255
5005 1 5119 6
5058 184 5119 248
5081 7 5119 67
5120 246 5276 255
5120 185 5183 245
5121 9 5176 66
5121 1 5562 8
5177 9 5205 87
5206 9 5224 37
5225 9 5442 28
5277 251 5282 255
5327 251 5332 255
5333 247 5433 255
5354 128 5443 167
5434 245 5441 255
5438 241 5441 244
5442 237 5484 255
5443 9 5503 68
5485 244 5492 255
5485 239 5489 243
5493 246 5673 255
5504 9 5561 48
5533 148 5819 186
5583 138 5591 147
5593 108 5621 147
5605 1 5609 4
5610 1 5910 8
5622 138 5631 147
5622 9 5879 28
5674 250 5679 255
5702 29 5711 38
5712 29 5741 87
5725 251 5729 255
5730 246 5869 255
5742 29 5760 48
5820 138 5830 187
5831 107 5860 187
5870 245 5877 255
5873 241 5877 244
5878 237 5920 255
5911 1 5915 4
5921 245 5928 255
5921 240 5926 244
5929 246 6068 255
5929 147 5978 187
5930 68 5979 107
5967 1 6228 8
6048 107 6157 147
6069 227 6246 255
6069 9 6187 27
6128 28 6187 48
6247 168 6305 255
6247 68 6573 107
6285 1 6704 8
6306 247 6464 255
6365 236 6384 246
6375 108 6424 117
6385 226 6414 246
6385 118 6415 147
6388 9 6393 13
6394 9 6436 18
6437 9 6442 13
6465 237 6483 255
6485 148 6513 255
6514 247 6543 255
6544 246 6551 255
6547 241 6551 245
6552 236 6594 255
6595 245 6602 255
6595 240 6600 244
6603 246 6613 255
6614 237 6623 255
6624 227 6682 255
6624 128 6653 147
6644 9 6653 18
6654 9 6682 48
6683 246 6761 255
6683 9 6691 18
6760 1 7180 8
6762 236 6781 255
6782 168 6810 255
6811 246 6989 255
6824 9 6829 13
6830 9 6872 17
6873 9 6877 13
6990 227 7345 255
6991 9 7107 27
7070 217 7127 226
7079 167 7108 216
7236 1 7529 7
7257 88 7346 127
7340 8 7345 14
7346 8 7387 18
7347 187 7405 255
7388 8 7394 14
7406 207 7464 255
7465 246 7530 255
7531 249 7674 254
7532 0 7679 7
7675 161 7679 255
7675 8 7679 96
7680 248 7686 255
7680 160 7686 230
7680 26 7685 96
7680 1 7685 8
7686 1 8119 7
7687 248 8127 255
8120 25 8127 229
8120 1 8127 7
